Cycles: 250
Number_of_particles:
  500
Box_dimensions:
10.13291008832862  0  0
0  10.13291008832862  0
0  0  10.13291008832862
Configuration:
3.883718877116061  4.223931231072459  -3.652165645487689
-3.397589115388273  -3.567173345843478  5.040877803816944
-1.790646957080365  -4.280707653381612  -4.701413577756313
5.065029956569539  -4.216378744216711  3.06150876765793
-2.228332405957182  -4.014913404115449  -1.043343370116547
4.507837107502979  -2.099910524810062  -3.419863957752347
-2.339220071932929  -3.247969617383662  -4.227686430918598
-1.401425355166335  -0.9051845115392614  2.709884280957692
-4.203664307184449  -3.243892360557943  -3.728484088758714
-2.712991155390203  -0.4242092629125352  -4.123598889939913
-3.651328094958699  -2.282674245396131  -4.241847917095261
4.383674346405639  -0.121152321334644  4.163533766477848
4.910463962203376  1.547776532376233  -2.922995203540675
-3.718056643354377  -1.143229152048523  -3.071031974019402
-3.942175056033114  4.68299475598284  -5.039322719280494
-3.760819618353702  2.255672224102546  -3.969878486736062
4.538219191607988  -5.030411593867365  0.593071668720043
-1.506535082245225  0.8689619797310585  3.283657474432723
-3.241883050551703  -4.414142407145746  -1.326037381394629
4.625697256974446  4.865440191498354  -1.398354002416747
-0.1380791409282063  -2.635463363050466  -2.970519553574045
-2.440190519075978  4.639079566221978  -2.859363588579927
-0.3526563128106368  -4.368787105625961  -2.19591865911717
-0.7604447273130577  -3.908143821148922  -4.843079690489613
-4.817749489577915  -0.4376073425969595  -2.030075153613225
-0.7839424838228017  -1.775743322287469  -3.530707920635046
-1.359362607149428  -5.011360892626426  4.233722272106
-3.429906600199703  -1.357473197010401  4.195028957867936
-1.812560353742044  -2.081010140887202  -3.456498795981272
-1.612936018818713  -1.181268336553408  -3.854072454108287
-2.288610165838675  -0.5937548724785819  -2.058124809839203
-4.602994783606476  0.6871395320183841  -3.702241902412875
-2.804525247354309  -1.740018129010671  -3.591576712711185
-1.664406212222078  1.896261168020775  -4.438116404673346
-2.557514283374866  2.854775831930981  -4.3637451450886
-1.765424444419948  2.661027387828998  4.949951812264944
-3.655511906801129  3.883328364314924  4.22029018790384
-1.638001671937649  -0.3841153298603621  4.26553352718824
-1.468441637706087  2.752554966614267  -3.87301669861614
-2.086687605847595  -4.488686062130919  -3.509532011553861
-1.505337950187041  -4.804438188243047  -1.688460464076887
-0.1177807995273072  -4.425071419515358  -3.449366077356953
-2.837832269357055  3.47493323523638  -1.904255324873602
-1.167307555637516  -2.991296220384807  3.589615615657832
-1.207315854089787  -4.952614482769448  -2.775952181617271
-1.135546371957524  -3.055905819433314  -3.054238719386129
0.9596533282837389  -2.885109763016732  -4.666213907011491
-1.022160862390689  -3.411416964533281  -1.987846987524755
-1.918616008556747  -3.512422092032423  4.666042347644159
2.053978902813848  -0.1128415764520387  4.664186376057601
-0.5058656635104487  0.1539733131299059  -2.852598018702669
-2.860937347771918  1.80514621399258  3.418967631550185
-2.293700697036574  1.784864218300836  2.456094156467152
0.394817755631484  1.93294730106635  4.760916930378475
-1.636519106762746  2.021339303105931  -3.179000745107836
-1.070445203082445  2.016166347869086  4.581394265605004
-1.060827384711518  3.721363462891011  -2.144378338001719
1.844713238292583  5.009898517415762  4.708355182703086
0.1617646319380874  4.909031062183552  -4.227527821994014
-0.7800525009256524  4.148949610660061  -4.911112950671608
1.486246843061825  -4.837926519576819  -3.63654400161908
1.557124558426208  -4.724244136746664  -0.8365764952905216
4.112777080696062  -4.886600148626459  -3.625075395112985
1.008481698384029  -3.421971221662287  4.514131809523474
1.012336290951203  -2.051472287495376  -3.867142958319295
0.5571149830544715  -2.381923477352653  -1.751391009175355
1.36939014541073  -0.08373343161386955  1.142472819036155
0.571316687361209  0.2087682136747226  -4.284391707746879
0.3781714085162924  1.766228860093654  -1.718641249475549
2.88581782944676  -0.5284892226103218  -4.812528323694711
2.001341312047749  1.429520110948536  -2.587711919649933
1.888903878928225  -3.035719576699948  -5.062800959917142
0.611584697280973  3.087266744078625  -2.854242119043104
0.774313845592037  2.987838846145992  4.712692647814776
4.596437910601989  2.01228752695501  -0.597360845705118
0.8030893654975374  4.20229072072768  -4.958109775080234
-0.2532523459833309  2.980179400840094  4.257918307819805
2.171762866825882  4.244834558646903  -2.472511183237871
2.841991169880572  -4.974889222637129  -3.70797848863985
1.238460772908416  3.979509911187008  3.688972377234951
4.562357970131309  3.892496161906989  -4.36869660886587
4.641110189610988  4.548418127538101  4.707765568358435
-4.581881733896112  4.084183915758547  3.253751714835218
2.21192052072266  -3.104443206722084  3.894707695230131
2.764878718300587  -2.833517376905222  -4.529556922238837
3.497099941235049  -3.900685825407082  -3.911043911709134
4.71683185389981  -1.671417629236558  -2.137771099229949
0.8755018141985199  -0.6801744300479828  4.686168020069266
3.895753655292069  -0.2905465528463935  -3.556954742396615
3.1796248458475  1.426115844064113  -4.258890881736803
5.025209988516503  -0.3989924726765529  -3.856616075082397
3.497643591989162  1.677998349852422  2.63314594743347
1.600005216468882  3.18108048990897  -3.878657602505785
2.319727692280395  0.9197037712574242  -4.566491819762952
-4.690267405148441  2.792406664094884  -4.111947654244314
2.351004108228003  1.420355064746569  -3.594634097060626
-3.57587043758079  3.702331485464624  -3.911085771288334
1.228518106625717  2.298570127609177  -2.338880348494224
4.710745882258927  -3.173461528065338  -2.692121582921337
0.7218711753943264  -4.815470246384495  -1.965347869084972
-2.093331717365295  -4.047308723226599  -2.389382488177325
-5.05056763054505  -2.830396723820016  -1.643076180030525
-2.744853040144081  -2.087710371164964  2.984264354958585
3.974229954572672  -4.323175965433756  -1.76587754988592
-2.94496899051425  -4.281190315179383  -4.100226125737834
-2.395249093591262  -1.756150829468434  -1.239575583492906
-0.9613981594082119  4.956864599849553  -0.08175749415204631
4.636346760405139  -2.887431593641731  -4.211399625689421
2.634319539188895  -2.024927381991552  -1.502789351724669
-4.744242421689217  -1.528951522249749  -3.493396602235519
-0.1380627619973143  2.103762458825216  -3.232307634416419
3.777273137062133  1.806066579317064  -1.841403945399039
-4.381649460678453  1.985879825215667  -1.089388212448591
4.654954716706979  1.239311520248079  -4.775874461126729
-4.392267532704032  0.9225662002568177  -1.636925202178966
-3.316629751764996  2.407581426177001  -2.061085576256003
-3.934086805619954  2.891825248719255  -1.216162613512658
-4.618047435498311  1.752519345916124  -4.275470357415569
-4.37105043560956  3.959275288982269  -2.579116290176237
-4.172819063347782  5.053165454159188  -4.073837247142762
-3.426014852375848  -4.495574297679814  -2.355172181721428
-1.222247284531328  -1.242058956167537  -2.423590788162037
-0.1605020244690743  -3.721115348978374  -0.5665844625521623
-2.461303476019138  -2.933438056820852  -3.18237691543703
-3.092333524635678  -1.972656858930899  -0.4837608204651942
0.9402580812936674  -4.143724706360147  -2.715368508264794
-0.3888805685958696  -0.8632253349734196  -1.511116116083524
-3.337777032440103  -1.326184225556216  2.437407333244522
-2.115455083107304  -2.805533763286593  -0.9099748649543661
-2.848808792189823  -1.558081768850785  -2.287312868912338
-3.699164965417841  4.093110247992424  -0.706603885102059
-0.3405965906597466  -2.639241707036689  -4.285977793929492
0.3207952024722123  -0.3960945090495462  -3.472226764186221
-0.8817446552246733  2.124597305727253  0.06568884053540421
-3.333841080080056  -0.5022636805774148  -1.76262073559513
-2.334327324756015  3.053691799401399  -2.970590466401703
-1.717241741516647  3.89147767147566  -3.251074064096885
-0.5440892079443135  3.270431293110414  -3.083334568679594
-3.104126975965525  -2.947657887941063  -1.874654282599084
-3.332966990578469  3.892624538342325  -2.777983586081252
-2.091709946807638  4.019037559822747  1.63339842468105
1.42393024508518  -2.367201657839139  -2.646418126189762
-0.4537124750879452  4.870755173360401  -1.471090798035349
-2.92328022886052  4.373395796476033  -4.665581246853755
3.385459958097147  -4.421404535082757  -3.050879767735444
-1.921594476350903  -2.740170753406431  -2.193313747597758
1.197729799292744  -0.05570200158135986  -3.076725795998951
-0.9552954212058864  -1.825203764568525  -0.5451061686655317
-0.3885013294650759  0.1328787912181087  -1.101959170179764
3.33289062887262  -0.8942817647919643  -1.197028061964684
2.835382517402254  0.05580414031546932  -0.4655072026087201
-1.974328237708123  0.8856725628088817  -3.599845133840645
0.5580433810203485  0.3755741748362749  4.537753573289918
-3.277121807194144  1.832309465753626  -1.244019377670039
1.078368824815848  3.535343813125464  -0.9097606595540066
-2.06769133062778  1.29194262619353  -0.56299505837415
1.023492713053433  1.913021551885629  0.4544314532799203
0.5165233154256932  0.7686118855936425  -3.080590417700511
0.3041573666744018  -3.346427847937504  -3.602923292635722
0.6737247521510359  4.515851505732163  -1.241423397215903
2.220517441104468  -3.350349651827738  -0.2508003468626513
1.486599120402017  2.198104805801124  -3.343559428154915
1.983750525410703  -2.434928903878372  -3.536217806525437
0.4491310684850648  3.01927992576107  -4.221863247717619
-1.589978612076708  -0.3475931545689663  -2.800573823500585
2.822894277082896  -2.959747810192734  -2.792353475475073
0.5761787371123748  -0.4537505925620775  -1.052009305732196
3.495004012399459  -1.543042863515412  -4.146626222465454
-2.796054649750575  -0.3497278364618875  1.880677186043178
3.319806079164056  2.310196561887265  -3.788013922383394
-1.185015191794428  0.9220321391297096  0.6334810322622834
2.515814599309774  0.5340657109007633  -1.654301322868126
1.533349138831976  0.6340680333105714  -0.9434515031553525
2.845478848270017  3.172507212527514  -2.890960244538282
3.473294563570949  0.7003067391762652  2.078135670333029
-0.5516936293407774  4.598058529127395  -3.443083154010831
3.228866040571332  2.42279152948524  -1.224871725451433
1.230709764091876  1.658534480434906  -4.206346847510701
1.829452117673809  2.731413692793565  -0.6405025183175538
1.190697680822746  4.102607131628104  -3.010803313502738
4.683043780678323  -4.73848053637315  -0.3685261546393139
3.476128613040066  4.006528541740168  -4.743769588299709
-3.793986916790598  -2.184407004743395  -3.003868540609142
3.343666657032031  4.966755668161445  -2.204817649506386
2.986133356668977  -2.30378042360881  -3.701248786080373
3.765079503184154  -2.36827251906876  -2.710446618834921
4.099847628795462  -0.7177105115654657  -0.4270525709978061
3.325044770381479  -2.04297735414227  -0.451696421384475
1.770014259705838  -3.387136581653687  -2.471714933143141
-3.609165814132638  1.091778291441037  -2.670880775803085
4.089575700471682  0.3209345700096403  0.6557614734427775
-4.288277078380151  3.114243021273956  0.351602584798123
2.729338678314513  1.701207061023049  -1.813071974729324
4.400820033027841  4.635787331568918  -2.40492834702878
3.022539829802824  0.8900059368644559  1.08919834589564
4.147123039253938  4.488624989235694  -0.2296819229182188
4.245958572983817  3.338856430789146  -3.064067685567335
-4.363684309608697  4.933084002681379  -0.4974492974954484
-4.846629337981895  3.281679560855773  -0.5583847742425325
-5.057228320612833  3.986076567068368  2.375239349904991
4.524501868554855  3.861911449910236  -1.195628896729295
-3.162834005675023  4.920896925659445  -3.556958865989487
-0.6184554094609493  -3.595449347076817  1.014288092873515
4.497712516818768  4.147638106022248  3.342746051218211
-4.326012866371211  -3.067346195319427  2.960917117286005
-2.873631827352706  -4.681296086084159  -0.3474938384617313
-3.938876692958533  -2.581909220854398  0.6791321089774689
-3.94814966130468  -1.59929408683922  -4.939544986368493
-2.024894628770634  0.3832361302435404  -1.087015712376218
-3.022490913212461  -0.4248553757722509  -0.7854768003852417
-4.386551671432751  -0.6511202031955061  1.543782107554172
-0.4476789668874094  -2.471723287013582  -1.351386968610665
-3.874627571676168  3.335554253645181  -4.940911711326312
4.08804735084209  -1.220847446399388  -2.90063691374598
-1.61200723771478  2.829722249881836  -0.2516004942077812
-4.022390147271778  3.703522760702276  1.510635783814898
4.681853239825488  2.443261251015802  1.500937599936387
-0.7630689415799744  3.368211665931636  -1.051141453262957
4.158938709540227  4.004840661092817  1.244007203469853
-2.959923159547226  1.483134620430103  -0.1111120971314205
-1.138957850491357  -2.987029892302038  -0.3142555272569554
-2.755456574480808  4.975823299752422  -1.804156817837724
1.172222851809847  2.082929770074122  4.051564651087544
0.3354280098949317  4.695737981106393  -2.751470154206087
-2.252361896648467  -3.79814839047971  -0.005949081704185138
-1.850358268493939  -0.6351267813069728  -0.7100224076001969
4.755013822633888  0.5109628894354465  2.393899485473861
-4.673325404542581  -3.250829330245638  1.085467808136675
-1.93321985726053  1.991086236633768  -1.781337627043261
-0.01421912992678455  -2.419545161822109  0.1405460052598329
-4.388877110298502  -0.3886065518217585  -1.09761224293916
3.991948962136972  0.4698336784605362  -1.499080501889005
-5.019428270992647  0.7611948378258896  -0.400146347166709
-3.522211436466341  -1.698528796869238  1.400601501148937
0.7746964470616198  3.581718265241543  -1.983834585715801
-2.421134574565006  3.19220297366439  1.081591211792274
-1.723488339791679  -4.912675005504505  2.361371417645762
-3.359885863817414  4.016757722012944  0.7147483805181898
-1.621718879468193  3.827772102642556  -0.4675356579712135
-3.512918100338449  2.737447510846988  -0.2706889819477331
-1.904950602685575  -1.777373549641868  -0.09915716781448193
0.1004050648651332  -4.93529107736326  -0.6908474975072649
2.105478421907199  -4.96015159171345  0.8523438178195601
-1.291290560889744  -3.443834010539169  2.196711356326576
1.371210311144488  -1.268267687184695  -3.050817039372691
0.5298439474767321  -3.4626174058705  -1.556469461825945
1.67051638739884  -3.675029282845249  0.7093052236769645
-1.43045337197835  -4.318145095026289  0.5456390705265037
0.8457962940803185  -3.965288493204524  -0.1249538309866295
-0.6522521268659894  -0.8724617166257214  -0.4137050854924931
1.710825326154555  -1.109723518197463  1.423142959952447
1.939488685978487  0.5874867910161318  0.1499354500117021
-1.058797824379504  2.206834545070302  -1.266807127196701
1.081204801413312  1.654898750235881  -0.7749433871416623
-0.05927032069205487  1.706004484440372  -0.7376674905522705
-2.756240901102373  0.8344002853890348  -2.204728367017558
0.9260727809603242  1.065997421471279  1.51497278779764
0.1959685394211315  3.012275346790118  -0.5721134538560521
2.962661170008604  2.398699502034919  0.5519809757508441
0.2148133057980004  4.023408842726856  0.2760290486991367
-0.5559135185861163  -4.671478976126254  0.9303910924443667
3.694253996873616  -3.339178007950807  -2.138125619715209
2.512718896129663  -4.121099826898827  0.3628015139310384
0.4682329101131767  -1.719780342713346  -0.8886151264632139
2.836714108274354  4.89033674974116  -0.8701581263455831
3.14703782715483  -3.35167616347166  -0.9092382639008997
3.808762108966822  -3.470784985042458  0.6604133826950994
1.88026154037185  -0.4944501710135368  -0.723030639839415
2.970377016963122  1.409920546570619  -0.6513050200829587
-4.473532599306462  1.760837817262169  4.117569572061397
2.171405414759627  -2.109320201418431  1.360566020011385
0.3645279868991142  0.889203722489461  -0.1891695112391472
2.265608757839102  -1.985687064252426  0.2300283021889139
1.95362947087936  0.4351979842604791  1.819511650414214
1.928427650681091  1.577420507029743  1.750068099540426
3.930100489164425  3.060193654901435  -0.8331458008348284
1.827407418862886  -4.137018719289397  -1.650080298972464
2.025048984871666  1.898578377827206  0.6526297807410116
3.509131601352467  -4.482490567327192  -0.8246211390714171
1.35048003423237  -3.014275078437851  -0.6761568771029947
-3.926725855252234  3.356908310089371  2.593335789429942
3.892322560369285  -1.998151370890307  -1.344590854225274
-4.433654013334591  -3.529906235204479  -2.250480621828569
4.408946245567982  -1.822427832702146  -0.2790753813933136
3.354697405475044  -4.310585128655398  4.533713296305981
-4.746439527761578  -1.371788384036819  -0.145021050536575
2.741336502513445  -2.834576740682268  0.4852687737995054
3.105676100815385  -0.8655053849303472  1.765904646829989
-3.090530147703412  -0.6209986626668735  0.2645344693070919
2.946842707922861  -1.373378104252495  -2.678585778277021
-3.124817335569418  0.5627784526806239  -1.212079153589515
2.044655515746753  -0.7206906868331093  2.584077650583768
2.188213675012782  2.818507624740891  4.713239558017576
-4.517199344052276  1.79907378227077  0.104533094011175
4.815471027414337  3.519869247946883  0.3665515746299603
-4.767634697140558  2.844684940342937  -1.78279055153333
2.344851475845635  3.573639323064442  -0.942556078370847
-4.449043370665471  -4.692973222124191  -1.77648747519071
2.83897250698591  3.692904999134666  0.6919668417462362
2.888754713885896  2.556652092493531  -4.661607431021327
4.985526540063138  -4.005472921681902  0.3612041719851686
-2.502224396503749  -4.907071456051468  0.9517569355200453
-4.249508910707088  -4.385469680974297  2.204058329327646
-2.504479515871997  -1.750235996364062  1.779744890414487
4.994525279386287  -0.6068700189256885  3.175313290820761
-4.057596455331111  -2.449476110725102  -0.7203028195067567
-1.460345121368635  -2.063880970485135  0.8232042510137592
3.997080411771432  1.211285413227063  -0.583222170524561
-0.1586329549828621  -3.169558314383061  4.775821455833799
4.427930548595797  -0.5475652652494137  2.288172557550023
-4.308028433856014  1.776112979347272  1.315825790264391
-4.50811908100666  -3.246374600297726  -0.1804436790683057
-3.659250689436795  1.523277195582454  -5.034265255842663
-2.073828396622253  0.7853828592804112  4.134308878636918
-2.735013589833507  -4.433924164410193  3.272521054364878
-4.315995859443492  3.104774198775966  4.042256465810417
-1.171778148239998  4.42968517929549  1.863965170945656
-4.443844764541745  -5.027595165105295  1.144454622484386
-3.326004464512406  -4.835106432155826  2.022193673576626
-2.200988108391261  -4.109135491255223  1.644194552859551
-2.188715981718467  -3.122228397092058  3.545435583847754
-1.871944668340737  4.612523945254806  3.285562617406927
0.6403960777387426  -1.297573554340437  3.696606859485457
-3.977347751962201  -4.004287388545566  1.123328098218516
-0.1931272782707254  -1.215578781755821  2.255608032221
0.6274227345696385  2.95896584292135  2.1162582022553
-3.308176892188491  -3.363142063144321  2.982947595463829
-3.071015845277524  -2.960391517850623  4.058383472810401
-1.635197317811792  2.583074078243467  2.895310750796977
-3.038854636581831  -0.3419933303941384  2.898813017675101
-2.419023999465631  0.7903080945472106  2.616835876718617
-2.754246297244602  1.074068647167441  1.700694272261086
4.268865824008624  2.379839322025258  2.998430526615008
-4.138654775474786  0.5386958530676388  0.1838510394054978
-3.011666505073201  2.595121415934216  4.590756131356478
0.3714241429372511  -2.986447256166563  0.9135529837937293
-0.6554913521644586  3.161856336340378  1.464658264211688
-1.932369686900909  3.792473075312768  2.701761012737661
0.8777977041963063  3.883584554457501  1.0391858462767
-0.9489585320875848  3.389246411360574  0.3836218854630587
-0.2793497578664826  4.957134952640487  3.186348568052058
0.7448782325857691  -4.443910744353957  0.7965591399345198
-2.91137819249255  -2.877439599239348  0.323540972356345
1.517040511511886  4.078042972824924  0.2597553543840109
-2.98730512036316  -3.915749202913762  0.8449616787174491
1.917096470313383  -4.480101054133209  2.288126764629518
-2.345019562957805  -3.173893693442749  2.181821947210159
0.4823866171103529  -0.8870195666841107  -0.03228697312968352
-0.8263809879150293  0.06813345882804647  3.029719639028536
0.2206603903636851  2.477849196428373  1.325595653417984
-0.9988652332783714  2.038464290689416  2.326791007046517
-2.564657072000689  3.264294612673095  0.02263335289783068
0.4318471744396237  4.352426832387471  4.154007668237671
-0.8715461202063826  0.1386539211239613  -0.07942023347283989
1.731436051369383  2.853238553587066  0.8844786927872066
-2.582656003335736  0.4936109428816191  0.8315926932027904
1.403539084919015  0.7677912012700747  3.4805314393899
-0.3923396843200389  1.757217326152159  0.8595872909983809
2.069337497646476  3.856120044458413  2.441583686503049
-0.8089879021842242  0.6425813241096532  -1.868153606532009
4.953455532490497  -4.19344176938707  1.496915570806731
-0.302514659514903  -2.433664868729845  1.531363487459074
4.02646858800524  4.023885851810108  2.296564689285008
-1.655974131428863  -4.382515104561088  3.29518699903051
1.096516355008837  4.818403735497873  1.669638655377425
-0.2245040234401512  -1.442215817774345  4.797077128514987
1.05463546441711  -3.386341521479122  1.628089289078965
1.274960176511188  -2.241186164564205  0.8613033984023603
0.4649966647433539  -2.042638915699177  2.444969394064204
4.226151275639308  -3.337124268165481  2.068714626003235
3.851281417055788  3.390449491941489  4.43441302522747
0.3778199840759663  -1.656963274214281  1.363210084122091
1.015347382900783  -0.3661126273243279  2.29095847682187
2.514230024012496  2.394550243962978  2.586838334507853
4.30025980399297  -1.448518857759869  3.393593357237763
3.254096779898163  1.098245568801196  4.64988783192208
0.2637348011441368  4.089105109301574  3.152946119953355
-3.60820529583576  -3.949237929171779  -0.4892638542003233
-0.3838142307197334  -2.362789052751134  2.92543061857611
3.011709286360033  4.81590211944976  0.3785395625390129
2.396120016358834  3.739107205797725  4.04821563058074
-4.775751446799795  -2.037624463173479  1.457717340506595
4.212564522406328  -4.718141364443472  -4.980082465597849
3.111104546948251  -3.659189485294691  3.147838000863478
1.303162751486359  -3.795147884486495  3.013030799666726
4.373139117259575  -3.152108156665887  3.263989636698789
2.312002522986083  -2.461157869696647  2.946018006033303
4.158519724841131  -2.342817498392169  0.9646655556109901
3.468354201563825  -0.4118320223433203  2.87446141757987
-4.010256493435502  0.5911683846421961  1.419835841213503
2.95885343520149  -1.134859337473113  4.053038950111568
3.173104849315731  -1.640114100540798  0.5806295712691134
4.479565997314379  1.513853571850332  1.989711724166875
-4.099704201034873  -1.161224266093055  0.7205808990044135
-2.115427349244434  1.816866071661547  0.6041284208993007
3.781377622131942  3.157778056657483  0.4715112778033962
-1.241237082663196  2.341668319132848  1.113300543173488
3.045518039172851  4.015878072740907  1.965934882664187
3.163127977087829  -5.057694898038699  3.651351115908671
3.679950050210367  -4.525769224803584  2.921332213705039
-3.182816110622449  -4.676671736472145  4.508564580686723
-1.686610735573112  2.633558076700587  3.918183433738696
-1.930355213392077  4.829335306857041  -4.381629727721466
3.206194134469966  -2.849986887740791  4.137402010102194
-3.651761324972576  0.3618528727503694  3.599481359988113
4.948623679772567  -2.495918176650025  2.447778264179601
-1.659748746391813  -1.778491528391184  4.95925095439818
4.701264280731609  0.7543292174705275  3.621774732127486
-4.609056371347611  -3.89100321937815  4.24835486924906
-4.468837854671101  -1.914651862951371  2.967397052814574
4.99889487515546  0.9917184899931835  0.5955608007180074
-4.625277222849079  -0.3434675481779262  4.380391901976857
2.707233855145287  -0.06184162924928285  3.741086533117801
2.381613844843993  -3.536305880049953  2.369803543052222
-2.635324847001675  4.219467423120559  4.037044069464379
-4.517145918252648  4.115383289573232  0.6594429221516206
-2.954463850215097  1.282624405804222  4.396635753860882
4.183476709381191  -4.823691774440769  4.154972683582138
3.398082694684086  5.02016885652109  2.072086546049479
-4.534022493878907  2.642108322558372  2.184952916244788
-3.320972407896386  4.357224366768027  3.284659582318577
-3.145371998435032  4.188591050368233  1.84905258114316
0.2583159256013466  4.100843904874409  1.867150625017888
-2.712517290857484  3.092423353808428  2.504000391710179
-4.977507602658271  -1.468966240440953  4.053237888380999
-1.313315701055038  -1.565660050668082  3.81636970754498
-2.440713470133479  -0.9283072263734653  3.516120811599036
-4.118361191932187  -2.722011040239  1.905734588900894
4.809022475255986  -3.973018720931761  -3.594854261147192
1.4669287183562  -1.498394987047434  3.010403988481011
-1.184944539794237  -0.3255455962956987  1.487596512626268
-2.906000220448329  0.760026947441375  -4.741882672036668
-3.637838446235904  0.2187355049059055  2.292259341101554
0.6620712002671134  1.710646774552206  2.768316495600013
-2.950965614472241  -0.5126067793496065  4.93231901037727
3.94510858384103  3.00091145437577  -4.581902037589773
-1.799970505326148  3.647347333182149  3.974084153616126
-3.41773073466421  2.549590156551207  1.245886510102643
-0.7087571721896965  3.801365279661384  3.584582588227475
-1.760540156856957  3.030018882276091  1.89682026256799
0.3954912396712492  -2.986095681096848  3.502260441831527
-0.2506813601450817  -3.794187562838161  3.123591558058926
-1.126651510272307  -4.116183003846516  -3.685305928636205
-2.088869208014714  -2.180804956204627  4.000279155952001
2.31955410944801  -4.123679980269424  -3.139694321487518
2.446831309428931  -1.672206855178675  -5.046385904850656
-0.1374215606200833  -0.3734857747153283  -4.703451594913809
-0.1120453775502031  -0.6778931901882085  4.008493028488408
0.379327156253809  -1.289685219252169  -4.451612668231305
0.4343806256488863  0.1680606950350977  3.395096815859722
-0.8995511336461272  0.2980245785214642  -4.766208074207027
-0.8167848302394471  0.6415075477317491  -3.718164338830668
-0.3764103387395826  1.241918592133644  2.428378390153941
-0.8680574505563955  0.905882359379623  1.597300365273664
0.2149446709922556  1.255203951658773  3.839143382868513
-0.09941936110275711  2.679059917614278  2.90753252994474
-0.7036815414224543  1.608715841684034  3.547992437755208
2.040994575768638  4.754270446803767  3.233146957773773
-0.8166078448722524  3.053845705351637  -4.6299105475565
0.4473520267677056  -3.900107285888286  -4.718147168566556
1.505975912296113  -2.454758462753893  3.602620368591065
-0.03077217216009055  -4.88624513122145  4.274737703837061
2.13905791808956  3.733569675493409  -4.825093427097428
0.7185623913497752  -4.838580332660187  2.471874925225925
-4.939458532276386  -1.927329922190824  -5.028826948692904
-4.020886187541397  -2.289702822853918  3.957992012184471
-1.668673878371455  -0.3460505435786132  -4.655155630080936
1.51006412156378  -3.712537017123505  -3.930129492623886
-4.575284795106495  -1.331512642647999  -1.435951420880355
2.464077749994108  -4.077164196725223  1.394972040272738
1.713943891061613  -0.783323388869781  3.851009469640631
-0.5700042444109726  0.4533287400109907  4.07503222141196
2.332787306239469  0.5180258153042442  2.840931151630142
1.902401835344366  -0.04093706674128634  -4.068211858772331
2.497604193022292  1.387103871384611  3.722328990544546
3.551380670495486  0.8634527867519437  3.675812535816065
3.736541599045071  2.070349473455558  1.576773004031453
4.624723554417951  2.711723721729791  3.96114221278287
3.142337007313361  4.18146521622427  -2.913212035856799
3.202577309200868  -4.105062545769544  2.096638375519912
4.39391047043484  0.7795022532668338  -3.703155286998725
-4.781641461559565  4.865012583102273  3.935213858867782
4.848062438425022  -3.018991651115982  4.808761776882812
1.89534355253341  -4.283079440612186  3.6851154623692
4.132697456658863  -2.396487523440308  4.490017444085752
2.839967537834086  -4.339323904482572  -4.536492025628053
-4.494152059895566  -3.88475764407614  -4.554583232613898
-4.470441804585662  1.113701316668549  2.510817305016426
2.883322579424335  -0.1875734004573657  -2.444023583492066
4.03776250084256  -0.03512911033563533  -2.585709967041907
-4.17940231890141  0.1732575724318325  -4.97801911942383
3.797490887489295  -1.360531700580582  4.673241154691702
1.46095646432415  -0.9036758823726997  0.2844310532148661
3.079913955276061  2.145421269170651  4.177384309737207
-4.541656791391518  2.114780122410837  3.082736799525103
-5.059948171309646  2.551527884321793  5.05792489576692
-5.044020737385771  4.681433958677669  -3.590295612175777
4.25317627386757  2.046281102448301  4.775641983212518
3.241477172808275  3.620991550068673  3.009583072772065
2.795056527428701  0.3532933323210505  -3.725017611995696
Cycles: 500
Number_of_particles:
  500
Box_dimensions:
10.20575561887999  0  0
0  10.20575561887999  0
0  0  10.20575561887999
Configuration:
4.152594640301844  3.335633811353535  -3.523152629941445
-3.740403753024845  -3.971712716372031  -4.961576888577557
-1.784203754308235  -4.252912837816023  -4.402916552634639
4.790854771121233  -4.525043478725837  2.621724317442879
-1.959842530814281  -3.238338483850832  -1.03830237566402
4.444129723141827  -2.50322136691676  -5.090725700229989
-2.603539436412995  -3.033465220326171  -4.43698614855845
-2.373893148730607  -1.063466287571095  2.666864316771648
-4.282457009365634  -3.265682986851743  -4.490958844001802
-3.341705005115534  -0.223713142714781  -3.463577529832575
-3.939057475791044  -2.244494282736905  -3.759534658620899
4.657760289730726  0.0869599919730598  4.794621024782381
-4.698266814416626  1.759318324464051  -2.784315401702996
-4.284151396628045  -0.6144015126823607  -3.004044448591458
-4.731824220776372  4.53667756233307  -4.75528174613261
-3.60272484821213  2.179836141976056  -3.840134536316938
4.56831472141008  4.423781053543136  0.5426032986245145
-1.350797005476356  0.4718461131934426  2.846713422314364
-3.810495778912663  5.044536548660933  -1.086475095818016
4.871022858249179  -5.013128219583575  -1.478886294857762
-0.1527338273813312  -2.269050704667479  -2.296129943131022
-2.130639454208555  3.920905571389198  -2.151517218569166
-0.449177478667672  -4.004443514897292  -2.497544679115208
-1.281394831071031  -3.65508876267722  4.579766808106397
4.390246471043874  -0.1207554067327216  -1.521835391965075
-0.6729837280807899  -1.600938722905648  -3.014863776768062
-0.9826517905397222  -4.610455610334655  4.908618608513824
-3.837370421145653  -1.12082160004881  4.183919907697367
-2.295580910619604  -2.570991541975384  -3.346936076456496
-1.372154239045337  -0.5775768015820594  -3.850541281379195
-2.452568193035737  0.2833789969020772  -1.433566413588034
-3.948167855888408  1.180037350940473  -3.363390574569981
-2.819152147822447  -1.615370826265319  -4.247508044236202
-1.809522452469525  1.546578790780046  -4.187498548181328
-2.354983109307562  2.478730817872039  -3.974338072515145
-1.609097662484349  2.718027722517447  -5.065948379182288
-4.504283544602398  3.927943555039273  4.026396048444413
-1.706383157514453  -0.1456496192034549  4.77076991874956
-1.176871301285742  2.683908444384735  -3.58602725776706
-2.533771893486352  -4.458289167747612  -3.310096192619455
-2.307654318721176  5.067071796227073  -1.830685676609584
0.1195969360222848  -4.379254870837878  -3.924712407289268
-2.160389475820978  2.656542819537645  -1.89703188482726
-1.005440743787148  -2.407673379082789  4.194349598863743
-1.307935291015329  4.498491825114454  -2.318078858187123
-0.6451088284145353  -2.820302885591621  -3.16074663137633
0.6502192840541823  -2.537637906408849  4.624585820812381
-1.067963233096812  -3.369625611371201  -1.719087073333955
-2.433655849058069  -3.962903324308166  4.694508683258544
1.62030888693978  0.2809945706504609  3.98862405909936
-1.078285367086963  0.05810270076730216  -2.344514426754828
-2.697482344694657  2.56932964184118  3.462209048163662
-1.959761229230611  1.563446734951446  2.270928140231361
0.266581379790697  2.307360813994006  4.783435370291318
-1.284284121541786  0.8616730212324683  -3.324668219115062
-0.6400030409442314  2.071358651491321  -4.998440353973459
-0.1888860961719676  4.016157813043127  -1.484995747219087
1.650020931334201  -5.054051520815541  4.996987554562321
-0.8070896645047768  4.71894688100963  -4.70351971340874
-1.698891332415152  4.577709559388992  4.997842525972343
1.245046970743719  -5.063371724220125  -3.661743030828617
1.321549462319724  -4.356018312192004  -1.002001390748366
4.064178313731737  4.517956709894668  -4.055908992726395
0.3520458181587531  -3.662337063581735  3.818076606515063
0.8235350153967266  -1.923529638438082  -3.848306673525788
0.9057632971724151  -2.461021010041511  -1.948799240686197
0.3553584818185866  -0.03425960535639758  0.658896526040504
0.6554414124122634  0.3195802883822051  -4.00523709268534
1.084145318881416  1.352454738865368  -1.764788497105127
3.616976518149766  -0.9210298759991032  -5.032039459597216
1.838519449464422  1.184183197579164  -2.399894635704244
1.637185332308828  -2.599977008014096  -4.595454462953811
0.3802122759739069  3.357901089162588  -3.086060233670531
1.736133158672235  2.950545492115288  4.175593534993684
4.625411998505464  2.440775286074821  -0.680540060724704
1.069366732666383  3.877449520205716  4.677352459103398
-0.5032986793803598  2.936490284568237  4.647105942422787
2.0161035542021  3.673497815897725  -2.652265506682789
2.722229495241645  4.582643894341646  -3.805307217855243
1.464734156788505  3.506670815920619  3.002379498196057
4.911242451873966  3.495516525492877  -4.757971960810671
4.807847574431961  4.429714783709381  4.707482137829396
-4.531416557718747  4.213612717552839  2.247155783208046
2.242800049493874  -3.354205204561805  4.192324513871592
3.569592964134478  -2.957167767924822  -4.847038862804673
3.800993581159612  -3.811339355727752  -4.264469611483334
4.517648704691401  -1.905128040198413  -2.50105083393852
0.8783865504128351  -1.112874066832241  -4.865671622249165
3.451701361190326  -0.282923137426621  -3.768404818576703
3.452037514936845  0.1596844574277205  -4.745777347642273
4.956895735222227  -0.3121334652926714  -2.890470265409688
3.213173312770575  2.146689160776317  2.522781293860437
0.6311969169489932  3.72699266690689  -4.592451753440106
1.916961669925614  0.547447336213151  -4.681048630098538
-4.183668063563366  2.998445724659256  -3.878167094103321
2.219164739897608  1.681202264108496  -3.406484203415231
-3.77015930935159  4.416527939977133  -4.447076902883046
1.115143667512022  2.879666990277018  -2.603007210276426
-4.461940291685718  -3.06778419125122  -2.176750203536691
1.755529787448009  -4.639090792436328  -1.931253288901309
-1.82623604958411  -3.868763667214156  -2.181871673304626
4.695852187670384  -2.293948289117489  -0.04786395597932306
-3.317038510558977  -2.18768092373282  2.891560775369401
4.771027278118088  -4.106532798841299  -0.9682707392503186
-3.171074057078774  -3.391183461144791  -3.683322066557838
-2.302798287879258  -1.296758495895531  -1.627733999582994
-1.001011097374017  -4.712617456595244  -0.4317893152225976
4.891465053082945  -3.353407960482152  -3.877645232933587
2.661678850146816  -1.93116507134956  -1.678523280125674
-4.698166490038893  -1.601590972730514  -2.342841447313661
-0.4841978501154632  2.449888929260441  -2.740127757876278
4.407347525787538  2.214895940727629  -1.754100150198644
-4.375160416771719  1.282454435196492  -1.124012914117661
4.985431837505368  0.2843010412483229  -4.248733697110856
-4.664828957111917  0.5304318748244863  -1.965008257682558
-3.861619788356368  2.130862537558199  -1.311284668197069
-4.180304962280964  3.418326494961637  -1.406795008529765
-4.888752130014731  1.268080578192536  -4.252429002717832
-3.886570129852295  4.141157993692698  -2.415345531263171
-3.832811073242908  -4.767820858012228  -3.680473697700262
-3.444138908359517  -4.318871719257488  -2.225246577753221
-2.106859989700197  -1.581406808711553  -3.024057664785789
-0.1448504469766315  -3.569736472814164  -0.1172984698731441
-1.394158979262571  -3.396432166240681  -3.609537737776161
-2.774209418820254  -2.729172677198651  0.1804019845794837
0.7342686711948164  -3.787327299307433  -3.012418800907932
-0.9867626999612704  -0.9257244338718167  -2.18341935020035
-3.805065859549975  -1.019148695521928  2.579016802139311
-2.52817546267778  -2.255696038430283  -0.7203920970480148
-2.927275677754404  -1.692418643866101  -2.379731897303856
-3.299156718044199  3.665784115371924  -0.3253944493146934
-0.7517801478373823  -3.06831434145516  -4.355281817073108
0.2571317748057736  -1.079740944806668  -2.643130827791282
-0.95105320407977  3.232956871516296  0.4696886098827642
-3.043880622710182  -0.5015778417315425  -2.353704327069283
-2.479217203047749  3.284029100546372  -3.081324376536215
-1.694162168421544  3.852473935340416  -4.061817048114928
-1.160571477557824  3.715682372828666  -3.224600758860571
-2.907361426216003  -2.885088163168785  -1.667838555116896
-3.282727003555212  3.322238787441514  -2.297735432616425
-2.449211979006838  4.754190814159704  1.799208229395449
0.6067239812105326  -2.795277078220745  -3.395655981046427
0.1110173847902889  -4.359889057542211  -1.073988092470694
-3.141132249434701  3.980816549800164  4.822302887609564
3.504021891864427  -4.10571993872602  -2.379818133462384
-1.397526723955172  -2.151260141874857  -2.461192081444019
1.266584958812318  0.1721546807723967  -3.082280003479818
-1.625850288123027  -2.256736019050173  -1.206687981936986
-0.1028519660109441  0.3729496089306099  -0.6032188576995146
2.872871579315746  -0.7853234124394979  -1.67403343696942
2.715036657176961  -0.1215211445748761  0.137035411093855
-2.01782218284511  0.3541862962796934  -3.835568227677285
0.5445892181707567  -0.4234487991660985  4.371453335066713
-2.364019297847209  1.645542362049862  -1.074928954706054
0.4121899308673533  4.479182605049949  -0.599212073966627
-1.240140516588464  1.958243977029467  0.3343414017348272
0.1059747083770721  1.221861520454371  0.7872175868159207
0.593057891111563  0.9160971188186121  -3.014166659623596
0.383971361207071  -3.052854535038295  -4.530845857046804
1.44651818120868  4.49992071463629  -1.465096441130667
2.26685412099084  -3.45278035562889  -0.4928493536006586
1.176822262776689  2.412833676412515  -4.184314814774099
1.962995365545911  -3.650559391734185  -4.068584734678434
0.1674347717875737  2.816594099095392  -4.502605026680813
-2.29288900407483  0.1720083819987695  -2.419485497428654
1.852410755916369  -2.354057332200448  -3.16704623709161
0.85236974531384  -0.01568440115184676  -1.564673426857341
3.655615285926411  -1.769164702016535  -4.089513003154965
-2.418697220961228  -0.6569254519146336  0.9308105277275889
3.21955408575183  1.806449767754954  -3.476909107467223
-1.225654360335262  0.7141964073744782  0.80979192661114
4.042165415829951  1.170685303470028  -1.707345344657281
2.095345548273401  1.128967262509477  -0.1689159704779587
2.258674911612232  2.247079198137129  -4.234715563819934
2.592822607154118  1.198059346980163  2.487827197900156
-0.6605175460148666  4.634742976836979  -3.321424368940117
3.186510664305239  2.719313146346354  -0.9205929391180762
0.669699378390461  1.784321335254745  -3.571522699776609
1.900538543362281  2.408784471035144  -0.09446906197793754
0.4135922788209574  4.611103137146715  -3.221370457275038
4.856877021780156  5.097520189931408  -0.139404594377836
3.25764052741201  3.839787847626645  -4.502804256805715
-4.020438694056056  -2.313752155392477  -2.696652369786836
3.323434144664428  -4.811427889496087  -1.398445749509398
2.840955035782876  -2.396054465585863  -4.22455108560326
3.373437028379821  -2.602132668255326  -2.751646159375043
4.671177561405376  -0.7472609620043101  -0.6893949387890005
3.568580262221744  -2.643365977834153  -0.4674211563604702
1.8133240765241  -3.652449616454844  -2.753717405519531
-3.240600919364302  0.6551551862750209  -2.34391008841856
4.162060894801572  0.4733452097162076  0.1158373481641244
-4.990664473407486  2.24830633886558  0.6930140113023433
2.94067119939529  1.60536275135831  -2.182386736378251
4.643302474238332  4.191382793461536  -2.840643157289416
2.771832962050135  1.241358613714652  0.7944103027561337
3.681970594440326  3.707545455083094  -0.02583956278375017
3.87397400846254  3.043340666102841  -2.038091396354882
-4.550641008231527  4.356448190229125  -1.325573335126728
-4.313913867644444  3.039738582382267  0.0539227785982425
4.065751055468  3.29338422491217  2.200012457470178
4.168758886066233  4.393483953822974  -1.973090377277388
-2.795040109052493  4.666140769846352  -3.071149673011837
-0.6200577816269257  -3.271912213999129  1.826623209985057
4.514153635358299  4.015676995200146  3.40256218695381
-4.734589329127607  -2.718699781112476  3.156559750796677
-2.763119355686151  4.91546006174856  -0.8181204212193459
-3.804799608685645  -2.478624084021124  0.6748767814782215
-3.682297601940286  -0.916115226589344  -4.205051778136099
-1.365291805054523  1.398765753273274  -0.9523766311905876
-3.051852457055583  -0.8103633232479891  -0.8328432678723398
5.033193322997936  -0.1502506795461298  1.626534153074581
-0.06813743664813382  -2.551032575820783  -1.021330583166773
-4.21668675069531  3.142837422701279  -4.950627538746287
3.385576420492793  -1.486858332609887  -2.967327254241407
-2.034824525378826  3.034413926416855  -0.5611317709309007
-5.003027246721713  3.206783611240933  1.215039136281646
4.324795048699717  2.365954952462693  1.894973392444603
-1.261062753986362  3.150398224879468  -1.399223054785981
2.348742695542809  4.091498878940414  1.114020255558343
-3.875307034710411  1.013593456690828  0.2397798249431349
-1.02527644321442  -3.0595157128745  -0.4592358337113692
-2.820937332122277  3.868718734702037  -1.23104869625134
2.20397162626313  2.453471826754649  3.243058681574853
0.2887850365320227  -4.670437945666993  -2.180225786041896
-2.304387111973798  -3.97482577622635  -0.1518805499384735
-1.690046362268853  0.4444459692846531  -0.3286469395063152
5.004634030011619  0.6297646953958985  2.668337552409345
-4.800942538114184  -3.098641272004568  0.6714666390343736
-1.841069350407106  1.357886645827529  -2.346629150667117
-1.520663755315971  -2.477881805397795  0.1968103236666014
-3.731889853464558  0.005991769516709237  -1.689572641408154
3.706039342577367  0.5739753853595849  -0.8691071470832801
-4.63497218729592  0.2313378332911071  -0.2427246293079913
-3.525120349691099  -1.118063428673002  0.7536305169690721
1.372042625523508  2.900630514746721  -1.512709360371998
-2.18096328540275  2.872112012118797  1.155033159778755
-0.8206482620397225  -4.926609970945668  2.05802303006722
-3.521559997502328  3.013574997356525  1.073730443375907
-1.679160328863865  4.195436437384708  -1.18440625387288
-3.354686674354268  2.338607484262803  -0.2588284784269785
-2.122952459334699  -1.265333438412753  0.1120564207876726
0.4350064286771128  -4.72206237793233  -0.02967470434843072
2.087796699928643  5.049528474356674  0.5976919346623061
-2.173622197023823  -3.145870240666083  2.024673140044625
1.285211265932043  -1.410632122222946  -3.052106752337126
0.5787568928134962  -3.485564579782586  -0.9041302846406536
1.557152302941929  -3.326564445569639  0.6474352655420283
-1.353295086654043  -4.083886314165929  0.6995643131947142
1.33379339510616  -4.268824133054565  0.3148125707169924
-1.014597471242401  -1.259046449776717  -0.6402262449512623
1.310980061719623  -0.8345437795812228  0.8745408115100354
1.768271211628819  1.341203237209247  0.8336113373917509
-0.4435423523234489  2.434451481332723  -1.058440565541274
2.068711559914306  2.114059093109919  -1.361097956311805
0.5456979859121204  2.5372092976619  -0.8742527069993498
-3.068671566619177  2.335508120487344  -2.531873359202831
1.194050523935914  1.324587080960796  1.673514220980812
0.04059047906543171  2.874534441164  0.1247873371211181
4.197456654722504  2.002696432387483  0.2591034869336046
0.4230510774087468  4.140406750127878  0.5528783622636311
-0.2209105851318726  4.970062356656348  0.6845390186621442
4.100426672650018  -3.361617499636032  -2.94661340198284
2.336031537576145  -4.071743420978609  0.811822233406459
0.08509720405679018  -1.511602928747426  -1.025523016429202
2.704848758272975  4.285630694036838  -0.5953800561342822
3.241564920189417  -3.258822071836812  -1.55796977078279
3.594126052045518  -3.195536408338723  0.6059187676539141
2.160665529575461  -0.3303953962003227  -1.009051326355293
3.0885273479817  1.503533215006405  -0.1956237997656131
-4.452350989771235  1.342384832901985  4.066460997889535
1.321588707909581  -2.572458014729515  1.49996226258074
1.336017313400481  0.4364817904086323  -0.3434536144680412
2.244957250000417  -2.287832348482603  0.1145098023721018
2.853814339864665  -0.1788889636465169  1.493396774002371
2.298326061404298  1.724115608931914  1.672473959552733
4.116716244301922  3.28334585266617  -1.094906479165229
1.8746998717195  -2.969224709609149  -1.425645692799761
2.668607816766032  2.260004567836306  0.898807097598284
3.968215017364634  -4.258780615350005  -0.3750389329666179
0.9584391446609496  -2.318169430175979  -0.4704431685581159
-3.447218525844199  3.328261889925676  4.063334478302338
3.771214987488069  -2.241003819203459  -1.639826719325385
-4.040238927124014  -3.735829133398507  -1.496984571077528
4.390241535087128  -0.8097001959316116  0.8428480001319716
2.905636165123873  -3.924773665454431  4.71062471167053
-4.45735655368838  -1.150380724061077  -0.9862215554043711
2.900823495461748  -2.764989007318338  1.478546760541869
2.916233284792582  -1.116296115727031  1.940592066075342
-3.141150131824392  -1.689654816854955  -0.1449013553680779
1.957342449778655  -0.6894055250552825  -2.408978967000816
-3.220883615251159  0.6793442318752447  -0.9105188184689065
2.460036620112214  -0.06681813015859972  3.406427055173074
1.697355627730003  2.256547969343659  -5.097121224672337
-5.006313229020723  1.466449511924926  0.06106374182646623
4.390470842587154  3.263666989865024  0.5468734466930133
5.049634129603398  3.469257522117617  -1.874325985969806
1.927236978683636  3.706972374550448  -0.8964299889693409
-4.663078787242879  4.794132478327404  -2.515420103110261
2.389799610877648  3.160374865402169  0.4539386633564507
2.911940228019841  2.118591914273225  4.638961801674175
4.634497966307134  -4.267667528699373  0.7424092315234476
-2.361369562659278  -5.050696361248949  0.3735087376552932
-4.193340079991378  -3.810691888756914  2.286932947209416
-2.706923733106655  -1.861899748947426  1.716865355681104
4.919606675510162  -0.859105179080655  3.499266416934572
-4.200843137011854  -1.854919524235257  -0.05045410495180477
-1.339912302756309  -2.56680117581407  1.30871134938353
4.887927941931607  0.9391257040684325  -0.7950022860757154
-0.2729116198252062  -3.427489197898538  4.62572669904706
4.035344875036858  0.4404892627072759  1.542313190122848
-4.192008502251261  1.863493333870869  1.73553842359815
-4.99857368175023  -3.485655620535216  -0.2897427978435419
-3.850475659739999  1.744288628395753  4.885358746989067
-2.19322554774118  1.34578946761321  4.269453229634419
-2.944914981758114  -4.373985875760786  3.26756783365211
-4.276295474311008  2.363882291054996  4.081483607157408
-1.150222077729716  4.594872080653006  0.3064857122670979
-4.313816753572509  4.773108496668841  1.329836375681757
-3.987361141963797  -4.849705202769368  2.341911533351503
-1.963700477585472  -4.187342869017028  1.844421688863482
-2.350107275005902  -3.337814579350002  3.776601760418802
-1.874404470269365  -4.420440458554184  3.667111935739744
0.8616136626598377  -1.562422345137814  4.346662032851611
-3.953669872229083  -4.409384310853547  1.285187159152182
0.1152873925578327  -0.6798503698113428  2.567851749358294
0.5098934881897628  3.692563827149279  1.996948243269048
-3.785786356014643  -3.245509821005209  3.029692023215129
-3.632436177953614  -3.165505603454297  4.464456654800484
-0.9906985114255902  3.577944848329998  2.683582292949318
-2.087964728922236  -0.1215896005878391  3.418401208912403
-2.521558396032332  1.45978275307679  3.300886524553797
-3.417294136915041  1.151879910508647  2.413899595705712
4.690277716480095  2.681692667024785  3.136588104330628
-4.629767679580321  -0.2483890755543812  0.6566898335865995
-2.870770333969547  2.32336386319323  4.9319455268011
-0.2050941370776407  -2.701411761038055  0.4896464994325443
-0.1851010264154633  3.069974886795772  1.128717047906964
-1.965388455203602  5.035209712719829  2.69334567954476
1.273459775792799  4.399271474935302  1.069657049778337
-1.022627094601855  3.701677511811344  -0.5125504425857673
-1.344416448987196  3.89801629405041  3.566698985531145
0.5939039065301626  -4.458757101162449  1.03424039329933
-2.508873046610421  -2.677250191865474  1.152466536913688
1.295242027180753  4.871709657046759  -0.06947634657905129
-2.951627965914101  -3.546809672692556  0.7322798946110808
1.748758796308114  -4.500997140197408  2.520456460344668
-3.21275183903607  -3.418528762318233  1.874708751916248
0.7838490794960842  -1.030110216698765  -0.2562498526238117
-1.143009320634703  -0.4983471808007983  2.496619772819974
1.246418348704931  2.342491976942129  2.237131210686205
-0.4575772765472241  2.152992296418279  1.629160687265099
-2.195249047808292  4.097394855592687  -0.2632751255969232
0.6464442149135572  4.462783229186643  3.728169798750019
-0.4271315905244639  -0.7805768936791979  0.03526732834484978
1.097583655041718  2.650050035973948  1.166052389739961
-2.550838115841226  -0.2070366125037606  2.01544095301803
0.9004485373728169  1.24208711608737  3.605371651415229
-0.5468158717007576  0.9853651877919843  0.06606188499660416
2.456620284265501  3.390473609106197  2.904072808690808
-0.7469082492375971  0.6595643034997678  -1.508459801316216
5.041278241961184  -4.710954375188273  1.668513498803768
-0.5552815049975822  -1.478323973954264  1.150019044405586
4.24301153787282  4.357416788902074  2.075128478914899
-1.391806553548404  -4.218794099251295  2.791785801012787
1.291497307455117  -4.952358387774465  1.708358794917385
-0.2861516563933663  -1.719181755550513  4.060999588290152
0.5885917608751107  -3.412604148913448  1.452030179699138
1.112118667935707  -1.83185536713686  0.7164499663507155
-0.1080622227387114  -2.038816532497773  2.509083196829822
3.887223923551384  -3.534145899317219  2.492352316547729
3.651442119548086  3.739025385805641  3.934514938716918
0.9179347470120627  -0.9522403215666386  1.879897521004234
1.901059953286862  -0.4123328933529279  2.281169122042372
2.478476575673108  3.128217723872825  1.569080925443804
3.898664620811215  -1.560432831924581  3.509330126332537
3.30375170261242  0.8240040692266689  4.500704651151
-0.1427827485114439  4.102496359960836  3.032094990844633
-3.760071749676481  -3.091129368631943  -0.195312962040216
-1.308121423636821  -1.717112525351414  2.381421442704923
3.132520080424242  4.824207921294242  0.1955507115772668
2.370023439703074  3.76063947607885  4.17913914248205
-4.453763583841274  -1.499851869656461  1.693974393821257
4.3841165039271  -4.936055244979537  -5.020899548884437
3.663838570382258  -3.553432574483427  3.505342040642527
1.096185240785789  -3.452551796659396  2.318221331683271
4.253456429189816  -2.729722695853408  3.007898459055177
2.17803717694027  -1.7810225270613  2.16765235148767
3.748757061032552  -1.627292082217355  1.497941227622356
3.928117264561328  -0.448485705331734  3.759595791151598
-3.459682118265547  0.01360223901937212  0.8727582444550702
3.036778916097338  -2.308588725769781  3.584406428129128
3.417279358716142  -1.683751493813834  0.4267228355519666
4.730643664331296  1.374266919492955  1.391652162382719
-4.950552748992873  -1.395483729936394  0.7321638492436837
-2.96447707590255  1.454714304108764  0.199553726325279
3.220043752344507  3.553777047747384  0.8603108961631059
-1.217780408012284  3.050552093977959  1.861522764756829
2.618886554234748  4.185055266638865  2.252312342619458
2.597882347068536  -5.036591886925869  4.263465033850925
4.041202673643148  -4.961902472928633  3.192668695548264
-3.928089767262528  4.59863696938018  4.611595204811255
-1.815404893740578  2.39716634921225  4.126548350378441
-1.887839052141597  4.94469282137678  -4.027301760273827
2.764425243362126  -1.97323707752824  4.7670043705089
-4.063940957419559  0.1698084988967249  4.770296182405406
4.625507631558896  -2.082061411716047  2.108712200492261
-1.74329598090104  -2.043375409621955  -4.274949473877381
4.212883617644169  0.5014322236303257  3.91785282564908
-4.006669319519319  -4.415299890558063  4.303402126109926
-4.509832284408476  -1.615835584685234  3.211438202098556
-4.546337512941214  0.8990882430775039  1.517852599079369
-4.228596707901411  -0.3861397415757106  3.485995162503385
2.866804635264115  -0.3861130822470712  4.536971870976428
2.728188204119932  -2.648200838433245  2.609676195988125
-2.657864286285087  4.071129178292804  3.780333664623961
-4.250410878875512  4.446991332201847  -0.1109400850867292
-3.316772512943649  1.319580127252665  3.894549660561119
3.704592115063082  4.960994018751395  4.245116923347505
3.181942979731944  -4.623011337524018  1.787468166482228
-4.742407111765668  2.854209299789475  2.162152198570835
-4.212462143323476  4.597143884536329  3.302254264395236
-2.680620858315103  3.606411305285064  1.968660380391958
0.1638946897667555  4.697598906497018  1.64256344135287
-3.384277251164221  2.398766976253018  2.22967593294781
-4.174644216642673  -1.940773795999039  4.686986161840824
-1.403111360225882  -1.323232081419111  4.427593565134482
-2.874718614178779  -0.5574849794357303  4.438035631707923
-3.777770886471291  -2.354386219614774  1.698613277191714
-4.386017276129337  -4.409861308598402  -2.609053198320715
1.058338282382097  -0.7148258022513869  3.030838862396589
-1.328097567956787  0.07586491642505522  1.641051747821217
-2.874262243944044  1.573241085482712  -4.38034090262236
-4.256881625482614  -0.1162865356993154  2.169810470977473
0.7038004332080322  2.671054284938324  3.207487859255533
-3.182359810626546  -0.1271852704504028  -4.828427587947195
3.939757457567187  3.087698499492618  -4.67726787466758
-2.165018632415357  3.343806573884259  4.54775920880782
-3.007310864923905  2.043346381479007  1.31503454096348
-0.7224841749015485  3.989493639576717  4.543751884043477
-1.748632020889346  2.85104591371402  3.062123312646391
0.7982365342599614  -2.589840854974102  3.160593096964807
-0.1988955457195593  -2.809093008314802  3.403908124465824
-0.9348190393799845  -4.386149846859942  -3.616981468611382
-2.051476850669101  -2.868071711044446  4.70608398807947
2.214205015733434  -4.654622048287688  -3.261565452787342
2.148437745705967  -1.29088610563437  -4.502248527528492
-0.4435927075719696  -0.7983239211692841  4.771456518365798
-0.8965108817680747  -0.5771625659870514  3.668821243258038
0.2021696076314269  -1.938770646630946  -4.635617305960632
0.340549589869781  -0.01057205469096685  3.429099658677494
-1.562042360394785  0.9042891131949021  5.069599198601591
-0.4394766698377089  -0.1627269182077732  -3.674151358720128
0.2356204744663399  0.6538161560713603  2.497431800782618
-0.3716733353679901  0.01485589150869505  1.930753723033454
1.022359957303236  1.172113704295832  4.67088433248334
-0.9813030582572608  1.852902987695096  3.153297542469499
-0.5972619931980999  1.95101464113746  4.17904319391108
2.245022392185524  5.087070461447076  3.272407191806665
-0.505056157237929  3.659093132435692  -4.67611916767277
0.6607704591427414  -4.776986925275295  5.101493751013227
1.86461605527125  -2.396969629169758  4.237662986412088
-0.3061707253961823  -4.581109463967897  3.873920766457676
1.833943862876477  4.192007368797329  -4.677207422564023
0.6769385290610447  -4.835601029388856  2.585799962992158
-4.775487953008033  -1.210281967832765  -4.132126869899734
-3.617968818468286  -2.315006141906975  3.915593817586065
-2.263591349329889  -0.4794875614283752  -4.469321486395917
1.371770582087693  -4.400698569796365  -4.466371559264467
-3.355695214863601  -1.967864186610297  -1.513706453488805
1.765941219800977  -3.850388608369193  1.616987822077994
1.895170989171391  -0.8564055851623027  3.84133697723703
-1.060072163718152  0.57102101515519  4.191343817374055
1.617724343903209  0.5596172040030909  3.021264466868478
1.328300368152536  -0.5793730851817374  -4.043718079703971
1.918004704054245  1.649316171679466  4.098996786334793
3.227765408352807  0.1526636930119614  2.77922513844785
3.73730784324888  1.62091856177695  1.355367449610824
4.936702371028068  2.814267962865904  4.121447886010646
3.152457155489446  3.719111457637353  -2.208798584758019
3.091901273529672  -4.387660623221956  2.844038892227795
4.868081567036901  0.8738149446799479  -3.098951013123294
-4.927197834913503  -4.798681172148866  3.573321082740893
-4.481238567970458  -3.363670807000011  3.951358079403891
1.366047536368756  -4.372462244578473  3.591346754586151
4.606808960064416  -2.151496425256046  4.079755577707908
3.204657752097049  -4.827251644601493  -5.082551149508252
-4.623360074749876  -4.67849432140345  -4.972134612998175
-4.039489990167706  0.7089823803999011  3.312372677676368
2.914653814254572  -0.0019196256473716  -2.774103302936978
3.95561025332294  0.1098734674658567  -2.590360378910871
-4.113024368411015  0.07669443736141891  -4.306900988976277
4.363985624261293  -0.8373829792955043  -4.336415503957313
2.028695124446596  -0.9140197101750317  0.0340455577436703
3.750600517329712  2.704875685322465  3.725839274531758
-4.018764100598606  3.470191321750384  2.922344461350788
4.647519843984783  2.499555124311154  -5.101774459428196
5.003223280477747  5.026509532323379  -3.703405890071116
4.715940856732914  1.416367363183635  5.048000990288388
3.188694872531238  4.403139182326174  3.27224306124512
2.432126564510176  -0.2763006296000038  -4.076547375553565
